42 31 0 5

2 16 1 5 5 5 5 5 5 6 6 6 6 5 7 7 5 5 5 6 6 2 2 1 1 1 0 7 7 7 7 1 7 7 2 1 7 6 7 7 0 1 0 0 0 1 1 2 2 2 3 5 6 5 4 3 3 3 3 2 1 0 0 0 0 0 1 3 3 1 3 3 1 2 2 6 6 5 7 7 5 7 7 5 4 4 4 4 4 3 2 2 2 3 3 3 3 3 3

3 8 2 7 5 6 6 6 6 6 5 6 6 5 4 0 0 2 2 1 2 2 2 2 2 2 1 3

4 3 3 7 7 7 5 7 5 6 5 4 6 6 6 7 7 6 6 6 6 7 3 2 1 3 2 3 3 2 2 1 0 2 2 1 3 1 3 3 3

21 16 4 6 5 6 5 5 5 5 5 3 3 3 2 1 5 4 3 7 7 5 5 1 1 7 7 7 6 6 6 6 6 6 5 5 5 4 3 3 7 7 6 5 3 3 7 7 1 1 1 1 1 7 0 7 7 7 6 7 1 2 1 1 1 0 1 2 2 2 2 2 2 3 1 1 1 1 1 5 5 5 5 5 3 3 3 3 2 3 2

32 4 5 7 6 7 3 2 3

